98 37 42 142 126 121 122 25 133 136 33 147 135 137 103 50 41 10 52 68 17 28 88 55 72 24 87 61 123 141 84 5 104 134 79 93 29 3 47 35 9 114 83 71 34 111 12 11 78 130 119 81 58 117 54 22 94 120 53 26 110 99 31 67 92 23 39 73 146 76 127 44 8 13 128 143 106 75 2 63 40 62 105 139 20 45 86 38 96 91 82 101 30 80 131 27 43 145 21 14 109 116 140 19 149
47 17 105 78 138 142 59 76 6 79 129 4 26 137 146 115 38 123 77 43 42 125 92 134 52 140 85 3 51 0 118 147 10 7 13 33 46 16 144 98 86 50 72 12 32 25 20 90 113 148 24 40 5 141 109 124 66 48 54 99 75 58 55 53 130 117 74 136 37 44 84 21 108 63 80 23 14 95 71 2 34 83 62 60 101 126 8 69 36 81 116 56 97 29 112 111 18 132 127 67 96 131 122 82 49
90 6 16 117 53 80 50 43 77 49 39 131 100 46 88 67 22 138 32 91 96 118 75 59 97 98 78 15 61 82 63 86 89 34 122 103 142 41 102 73 26 148 58 12 0 147 107 65 130 25 1 113 99 112 2 81 136 92 28 141 126 146 19 95 140 31 106 149 45 123 48 64 84 94 29 121 87 60 66 105 110 44 52 5 129 137 135 114 14 120 143 74 85 109 124 139 70 108 104 27 128 20 35 144 11
87 111 8 119 13 17 12 108 34 89 83 15 19 96 134 100 129 95 58 28 80 84 77 0 68 99 59 26 6 47 148 57 48 112 101 136 102 133 27 24 29 85 38 126 127 130 88 44 3 76 121 33 137 9 139 18 118 65 71 69 42 78 32 22 143 56 1 113 16 141 46 103 142 11 36 123 31 131 97 21 81 92 23 20 114 50 109 86 149 67 73 147 94 72 40 64 7 106 79 63 5 53 55 70 138
69 2 121 12 27 59 124 80 74 120 22 97 1 26 114 5 129 63 36 46 100 84 109 101 48 53 10 7 119 115 38 76 130 54 135 58 110 71 45 11 31 6 131 68 79 8 149 41 103 143 25 95 134 137 78 132 122 20 77 125 30 118 92 37 32 138 19 34 81 75 93 146 85 16 116 107 142 87 141 89 35 96 113 73 4 23 140 128 99 50 65 66 83 106 105 90 91 117 112 136 51 126 55 9 29
63 21 50 113 76 123 133 61 52 137 4 27 34 128 69 134 13 2 53 68 93 107 79 94 46 129 25 14 74 37 100 145 26 56 62 131 124 57 47 142 105 20 115 17 54 130 49 127 33 9 72 44 116 86 31 148 67 111 104 64 132 146 43 98 45 118 35 92 38 112 90 5 10 121 95 70 41 16 48 102 139 0 135 82 40 7 81 78 3 149 141 91 97 71 87 58 29 1 85 109 89 42 103 6 51
19 124 26 99 4 51 37 94 139 56 23 60 74 7 143 47 95 123 73 145 70 127 57 44 45 136 59 68 14 29 105 58 69 142 55 75 128 148 0 66 64 90 38 28 36 5 22 106 8 116 89 17 61 18 27 129 65 92 149 88 20 131 32 50 16 111 96 24 1 140 54 78 40 146 67 114 11 108 109 48 132 62 34 52 77 71 3 85 122 147 12 119 41 21 117 107 84 91 76 43 10 97 79 130 35
143 67 51 0 114 112 7 88 145 29 9 57 60 128 122 27 70 74 79 85 6 120 58 39 141 149 61 132 41 56 148 136 82 76 142 96 59 55 123 137 98 65 16 124 32 99 126 129 110 43 24 103 138 71 68 13 95 125 45 49 107 28 86 62 15 26 19 17 80 81 63 127 135 11 92 12 139 93 31 2 108 90 147 146 130 75 33 18 111 1 46 21 40 133 102 115 89 66 84 44 8 106 52 121 73
110 46 16 12 52 80 139 65 15 94 96 8 40 3 117 69 6 87 51 48 11 68 47 138 39 106 145 85 71 89 130 21 103 84 127 109 79 4 67 122 90 120 7 50 95 44 147 81 23 132 133 135 26 59 124 134 107 105 54 73 34 112 72 144 42 92 56 25 63 123 13 76 114 121 31 129 91 137 88 116 38 75 20 86 93 43 0 97 118 28 64 45 2 99 78 74 9 58 41 53 100 140 24 62 32
14 51 40 44 103 99 26 55 21 31 109 85 20 45 131 0 60 54 70 77 119 49 48 15 123 148 115 71 111 29 56 34 138 68 145 102 83 64 36 22 62 93 79 135 92 117 96 106 23 137 58 1 8 107 35 73 104 127 116 12 69 25 105 52 86 74 134 75 121 142 146 125 126 112 139 38 129 3 84 32 46 27 133 140 147 98 113 18 67 7 61 130 24 11 17 43 30 110 144 39 6 65 72 143 118
