90 75 97 21 16 4 85 113 127 144 46 92 18 115 123 86 34 28 89 59 77 103 118 32 1 37 17 109 101 60 33 66 40 131 38 13 11 120 25 51 107 12 78 130 132 111 50 39 76 5 26 56 64 41 30 58 84 139 0 70 129 67 102 148 19 125 106 8 63 83 62 48 20 22 87 6 24 52 23 136 95 49 99 2 82 100 116 104 61 45 126 137 54 14 143 142 112 119 73 134
71 147 60 112 135 46 104 103 100 97 123 63 127 17 16 5 133 32 49 8 117 115 139 77 119 56 30 41 149 122 62 145 132 87 55 90 114 126 10 52 21 96 129 61 95 86 14 34 144 54 0 42 43 89 37 4 29 7 99 98 66 91 11 128 58 26 69 20 1 12 72 73 74 36 111 35 79 18 105 137 106 118 31 27 9 130 107 84 102 138 22 45 121 134 76 82 67 70 94 2
11 29 76 99 142 149 100 80 106 70 41 145 139 79 35 118 84 7 39 48 128 124 59 22 86 105 110 116 45 27 38 74 36 125 30 25 71 8 31 122 2 81 40 85 83 127 114 63 113 61 9 92 103 12 136 54 49 134 4 3 17 77 131 52 90 60 89 50 137 82 123 111 13 16 42 69 126 64 46 107 96 33 104 91 20 67 141 5 72 28 147 62 19 120 6 109 88 23 68 108
84 22 102 132 7 80 33 120 103 67 32 88 68 139 90 126 8 66 138 25 63 76 143 57 49 17 89 2 105 119 35 117 73 54 128 11 16 44 78 124 122 56 15 12 3 28 112 148 108 111 34 116 131 101 125 50 144 77 95 30 59 79 74 40 114 92 99 147 94 4 81 23 109 127 58 20 100 42 5 146 6 133 38 141 83 104 13 121 39 27 51 55 110 47 18 142 82 53 0 72
149 115 11 100 132 75 137 53 76 77 131 81 2 70 123 47 82 101 69 133 61 142 6 18 72 92 22 54 19 110 145 23 90 84 43 68 52 144 120 51 50 143 74 95 39 20 56 139 62 121 4 13 16 89 29 80 114 112 24 113 26 44 116 14 38 119 79 3 107 83 146 5 12 48 148 49 87 130 106 108 57 7 98 94 136 0 8 1 25 59 118 96 88 85 126 129 134 111 127 21
77 101 2 12 146 58 60 17 87 73 36 1 145 46 118 137 56 112 8 25 142 45 98 116 54 4 82 94 29 100 122 55 42 126 72 128 76 67 115 140 119 10 120 133 13 15 136 134 47 148 102 19 90 27 130 70 143 48 129 88 66 26 121 93 106 23 57 0 108 52 41 85 74 7 97 109 68 35 75 111 28 92 6 49 138 95 24 39 113 132 44 135 65 84 124 81 83 11 110 32
122 3 68 19 91 20 136 43 39 149 101 5 10 26 41 130 72 79 8 97 51 87 115 14 81 9 112 50 127 73 147 15 0 105 128 28 140 99 106 134 146 29 64 116 55 32 44 7 46 111 83 37 34 77 2 142 88 135 21 58 109 49 98 93 56 47 96 110 89 100 45 53 30 57 70 65 59 54 66 123 71 85 125 95 118 60 67 103 82 13 120 23 139 121 126 69 75 6 4 119
147 87 131 37 119 42 31 113 139 92 9 86 124 100 67 4 80 51 126 114 137 103 10 69 70 40 5 93 56 65 72 101 75 149 19 66 81 85 20 89 116 52 145 102 110 32 12 148 117 95 53 127 64 54 120 74 68 132 136 21 1 27 47 109 97 143 79 141 46 39 41 7 2 24 59 77 55 63 108 13 48 57 50 115 0 88 73 122 134 38 71 3 45 144 104 111 128 94 90 36
142 100 60 136 121 105 115 109 66 8 118 46 59 97 112 41 13 82 38 32 122 92 126 44 5 52 80 85 71 77 55 20 138 127 125 30 36 130 22 93 70 10 103 91 141 45 17 1 65 147 39 0 50 143 98 81 139 16 75 146 31 24 106 99 62 6 90 140 15 33 131 47 88 57 72 102 48 35 18 110 117 104 12 119 25 89 73 7 129 21 123 113 96 133 26 79 87 145 27 108
7 110 91 83 16 42 51 109 115 118 75 5 8 76 10 6 32 31 119 89 101 100 61 14 120 26 108 134 52 88 141 22 112 35 27 137 34 78 72 79 90 24 13 17 98 40 57 60 30 131 45 107 114 149 63 116 87 44 127 71 96 55 139 117 56 136 135 97 58 49 93 46 68 130 20 3 123 21 132 144 54 122 48 0 125 102 86 37 105 143 126 113 28 19 81 84 146 1 92 18
