5 115 117 54 105 82 126 34 97 104 113 92 51 1 31 116 101 136 36 27 67 58 148 19 121 86 43 88 20 68 84 76 130 132 37 131 145 120 65 138 29 3 90 53 78 63 103 80 72 79 0 15 44 102 26 114 39 128 129 108 77 42 74 123 12 45 32 87 106 134 122 69 47 49 144 107 24 13 57 64 16 98 61 89 99 73 140 109 137 135 22 83 71 96 143 21 147 112 75 55
54 20 125 56 94 41 134 102 64 3 35 101 112 78 48 85 18 59 117 17 90 82 88 120 51 36 121 15 87 69 130 74 8 91 105 98 143 4 21 116 65 68 0 122 47 140 25 75 79 97 104 70 31 1 5 77 131 133 108 10 118 27 93 72 2 124 99 149 37 19 107 55 83 103 52 42 49 16 135 32 132 24 53 63 30 23 43 146 100 73 62 92 110 67 89 34 58 113 45 111
121 127 31 86 105 1 17 136 84 102 40 57 125 118 124 115 96 101 128 32 97 69 59 58 45 107 47 148 122 38 42 126 147 66 37 112 19 142 139 34 23 25 61 91 74 49 81 41 87 104 12 14 16 75 116 83 113 79 141 56 78 146 48 108 106 68 135 110 145 98 117 8 26 5 30 76 80 51 0 72 53 7 6 21 100 143 99 33 73 144 88 138 46 123 44 109 149 85 27 29
127 77 46 24 5 29 65 108 26 74 36 106 90 81 16 56 91 142 99 44 119 136 55 88 2 19 138 107 53 85 23 78 131 105 137 115 110 147 10 100 34 84 133 6 63 38 87 60 40 27 117 124 116 22 80 48 12 33 129 139 102 75 73 143 39 21 13 132 135 109 51 103 71 140 66 83 125 30 37 101 82 121 111 1 128 123 126 18 118 59 14 4 146 50 17 3 64 28 113 130
57 14 13 71 76 108 67 61 2 130 35 80 100 129 119 77 85 34 94 104 86 123 121 135 143 45 113 109 3 141 29 99 36 79 87 69 33 64 88 139 12 149 24 58 147 68 122 42 37 65 8 41 1 126 84 136 63 81 38 52 10 112 75 54 56 18 97 133 116 125 92 51 95 60 25 9 93 103 21 137 102 78 83 120 110 4 73 98 53 15 132 11 46 50 20 49 22 105 115 89
118 9 125 77 76 28 25 114 119 143 26 147 46 127 101 52 16 64 67 113 137 45 50 70 91 72 59 47 129 19 2 27 140 136 73 110 82 20 66 138 31 53 51 86 29 24 97 62 122 61 131 63 128 139 103 18 30 1 22 126 55 112 80 133 141 135 65 49 130 14 88 34 41 120 42 144 146 60 43 75 124 5 56 71 107 100 39 13 38 149 21 12 7 58 89 116 148 4 134 32
17 59 34 44 13 148 15 76 118 16 67 53 108 109 114 30 8 75 126 142 84 140 5 92 46 120 54 72 23 11 3 4 21 70 14 138 149 102 87 74 73 115 1 107 96 36 132 131 33 2 119 98 93 145 97 38 78 41 35 66 20 101 143 125 144 89 42 104 12 45 6 9 50 64 81 56 63 135 113 32 128 65 52 123 91 111 26 25 29 141 57 51 80 27 22 136 133 134 116 48
73 101 18 82 118 86 46 39 21 93 4 30 51 140 100 80 91 131 8 57 66 110 109 121 132 124 98 68 41 44 69 67 20 70 107 88 146 81 84 35 31 74 27 123 148 87 11 1 112 7 49 64 76 139 3 63 143 95 89 147 122 111 116 9 136 58 37 53 54 92 105 108 60 32 78 15 38 137 48 22 125 114 90 17 144 43 120 50 142 141 102 14 71 104 56 26 47 85 65 130
34 120 49 72 83 94 5 106 86 2 30 19 14 124 36 115 102 35 101 104 43 147 149 143 58 140 10 41 31 93 109 76 127 73 141 32 4 87 11 24 17 92 55 78 22 51 70 60 28 110 139 23 136 27 111 137 52 79 112 82 129 12 135 77 42 3 7 13 80 64 148 67 16 90 37 132 39 99 40 134 125 89 133 81 8 142 57 108 131 84 103 9 138 56 105 117 48 65 97 96
101 85 7 100 146 14 115 116 122 107 81 126 103 0 10 71 37 4 72 62 128 49 40 138 134 1 54 51 6 133 118 86 147 93 39 67 99 24 144 106 21 143 36 84 88 112 13 137 124 55 41 70 33 104 27 74 114 120 127 47 5 30 98 102 53 73 77 35 79 119 59 96 132 97 145 136 12 56 135 110 18 63 8 32 108 91 125 31 66 94 52 46 58 23 78 69 50 17 89 57
